00000000
01010101
02020202
03030303
00000000
01010101
02020202
03030303
00000000
01010101
02020202
03030303
00000000
01010101
02020202
03030303
00000000
01010101
02020202
03030303
00000000
01010101
02020202
03030303
00000000
01010101
02020202
03030303
00000000
01010101
02020202
03030303
00000000
01010101
02020202
03030303
00000000
01010101
02020202
03030303
00000000
01010101
02020202
03030303
00000000
01010101
02020202
03030303
00000000
01010101
02020202
03030303
00000000
01010101
02020202
03030303
00000000
01010101
02020202
03030303
00000000
01010101
02020202
03030303